Test Loss: 0.0404
Test Accuracy: 0.9922

Classification Report:
              precision    recall  f1-score   support

         ADJ     0.9269    0.8960    0.9112      1924
         ADP     0.9788    0.9863    0.9825      2483
         ADV     0.9178    0.9402    0.9288      1187
         AUX     0.9524    0.9496    0.9510      1687
       CCONJ     0.9952    1.0000    0.9976       836
         DET     0.9878    0.9860    0.9869      2143
        INTJ     0.9240    0.8103    0.8634       195
        NOUN     0.9176    0.9741    0.9450      5020
         NUM     0.9443    0.9754    0.9596       487
        PART     0.8947    0.9813    0.9360       909
        PRON     0.9925    0.9688    0.9805      1633
       PROPN     0.9686    0.8321    0.8952      2597
       PUNCT     0.9864    0.9902    0.9883      3067
       SCONJ     0.9448    0.9448    0.9448       344
         SYM     0.9118    0.8158    0.8611        38
        VERB     0.9601    0.9648    0.9625      2816
           X     0.5802    0.7015    0.6351        67
           _     0.9874    0.9895    0.9884       474

    accuracy                         0.9540     27907
   macro avg     0.9317    0.9281    0.9288     27907
weighted avg     0.9550    0.9540    0.9537     27907
